hihi:
1. haha - O - LOSE: 6 9 0 0 7 8 0 4 8 6 0 5 8 7 0 8 9 6
2. haha - O - LOSE: 0 0 0 1 1 0 0 4 2 0 7 0 3 0
3. kaka - O - LOSE: 0 1 1 0 0 0 1 1 0 2 1 2 0 3
4. haha - O - LOSE: 0 0 1 0 0 1 1 1 0 2 1 2 0 3
5. haha - O - LOSE: 0 1 1 0 0 0 1 1 0 2 1 2 0 3
6. haha - O - LOSE: 0 1 1 0 0 0 1 1 0 2 1 2 0 3
7. tuandat - X - WIN: 0 0 1 0 0 1 1 1 0 2 1 2 0 3
8. tuandat - X - WIN: 0 1 1 1 0 0 0 2 1 0 3 3 2 0 3 2 3 0
9. haha - O - LOSE: 0 0 1 0 0 1 1 1 0 2 1 2 0 4 1 4 0 3
10. haha\ - O - WIN: 5 5 6 6 7 7 6 5 6 8 6 4 7 9 6 3
11. lala - O - LOSE: 0 0 1 0 0 1 1 1 0 2 3 0 0 4 0 5 0 3
12. lala - O - WIN: 5 5 4 4 6 6 3 3 7 7 2 2 8 8 10 10 9 9 1 1 5 6 0 0
13. haha - O - LOSE: 0 0 1 0 0 1 1 1 0 2 1 2 0 3 1 3 0 4
14. fpt - O - WIN: 0 0 9 9 1 1 8 8 3 3 9 7 2 2 9 8 9 5 9 6 9 11 9 10 7 7 11 11 6 6 10 10 8 5 12 12
15. haha - X - WIN: 5 5 5 6 4 4 6 6 3 3 4 6 2 2 1 1 3 6 5 7 3 5 3 7 3 4 3 2 2 4 5 4 2 6 1 7 2 5 2 7 2 3
16. fpt software - O - WIN: 5 5 5 6 5 7 6 6 7 7 7 6 8 7 9 6 9 7 8 6
17. fpt software - O - LOSE: 5 5 5 6 4 5 6 5 3 5 6 6 2 5 7 7 1 5
18. haha - O - LOSE: 5 5 6 6 4 4 7 7 3 3 8 8 2 2 9 9 1 1
19. abcxz - O - LOSE: 5 5 4 4 5 6 4 6 5 4 4 5 5 3 4 3 5 2
20. abccc - O - LOSE: 5 5 1 0 5 6 0 2 5 7 5 4 5 8 1 1 5 9
21. abccc - O - LOSE: 5 5 0 0 5 6 0 1 5 7 0 2 5 8 0 3 5 9
haha:
1. hihi - X - WIN: 6 9 0 0 7 8 0 4 8 6 0 5 8 7 0 8 9 6
2. hihi - X - WIN: 0 0 0 1 1 0 0 4 2 0 7 0 3 0
3. hihi - X - WIN: 0 0 1 0 0 1 1 1 0 2 1 2 0 3
4. winner - O - LOSE: 0 0 1 0 0 1 1 1 0 2 1 2 0 3
5. winner - X - WIN: 0 1 1 0 0 0 1 1 0 2 1 2 0 3
6. lala - O - LOSE: 0 0 1 0 0 1 1 1 0 2 1 2 0 3
7. hihi - X - WIN: 0 1 1 0 0 0 1 1 0 2 1 2 0 3
8. hihi - X - WIN: 0 1 1 0 0 0 1 1 0 2 1 2 0 3
9. hihi - X - WIN: 0 0 1 0 0 1 1 1 0 2 1 2 0 4 1 4 0 3
10. test - O - LOSE: 0 0 0 1 1 0 0 3 1 2 0 2 0 4 0 6 2 0 0 7 3 0
11. hihi - X - WIN: 0 0 1 0 0 1 1 1 0 2 1 2 0 3 1 3 0 4
12. hihi - O - LOSE: 5 5 5 6 4 4 6 6 3 3 4 6 2 2 1 1 3 6 5 7 3 5 3 7 3 4 3 2 2 4 5 4 2 6 1 7 2 5 2 7 2 3
13. hihi - X - WIN: 5 5 6 6 4 4 7 7 3 3 8 8 2 2 9 9 1 1
kaka:
1. hihi - X - WIN: 0 1 1 0 0 0 1 1 0 2 1 2 0 3
2. lala - O - WIN: 0 1 1 0 0 9 1 1 0 6 1 2 0 5 1 3
lala:
1. kaka - X - LOSE: 0 1 1 0 0 9 1 1 0 6 1 2 0 5 1 3
2. haha - X - WIN: 0 0 1 0 0 1 1 1 0 2 1 2 0 3
3. kak - X - LOSE: 1 1 2 2 2 1 3 1 0 1 2 3 0 0 1 3 0 2 0 4
4. hihi - X - WIN: 0 0 1 0 0 1 1 1 0 2 3 0 0 4 0 5 0 3
5. hihi - X - LOSE: 5 5 4 4 6 6 3 3 7 7 2 2 8 8 10 10 9 9 1 1 5 6 0 0
winner:
1. haha - X - WIN: 0 0 1 0 0 1 1 1 0 2 1 2 0 3
2. haha - O - LOSE: 0 1 1 0 0 0 1 1 0 2 1 2 0 3
tuandat:
1. hihi - O - LOSE: 0 0 1 0 0 1 1 1 0 2 1 2 0 3
2. hihi - O - LOSE: 0 1 1 1 0 0 0 2 1 0 3 3 2 0 3 2 3 0
3. 6 - X - WIN: 0 1 1 1 0 0 1 0 0 2 1 2 0 3
4. test - O - LOSE: 5 5 0 0 6 6 0 1 7 7 0 2 8 8
6:
1. tuandat - O - LOSE: 0 1 1 1 0 0 1 0 0 2 1 2 0 3
test:
1. tuandat - X - WIN: 5 5 0 0 6 6 0 1 7 7 0 2 8 8
2. haha - X - WIN: 0 0 0 1 1 0 0 3 1 2 0 2 0 4 0 6 2 0 0 7 3 0
kak:
1. lala - O - WIN: 1 1 2 2 2 1 3 1 0 1 2 3 0 0 1 3 0 2 0 4
haha\:
1. hihi - X - LOSE: 5 5 6 6 7 7 6 5 6 8 6 4 7 9 6 3
fpt:
1. hihi - X - LOSE: 0 0 9 9 1 1 8 8 3 3 9 7 2 2 9 8 9 5 9 6 9 11 9 10 7 7 11 11 6 6 10 10 8 5 12 12
fpt software:
1. hihi - X - LOSE: 5 5 5 6 5 7 6 6 7 7 7 6 8 7 9 6 9 7 8 6
2. hihi - X - WIN: 5 5 5 6 4 5 6 5 3 5 6 6 2 5 7 7 1 5
newPlayer:
1. heyhey - O - LOSE: 5 5 6 6 5 6 7 6 8 5 8 7 6 5 7 7 7 5 9 5 4 5
heyhey:
1. newPlayer - X - WIN: 5 5 6 6 5 6 7 6 8 5 8 7 6 5 7 7 7 5 9 5 4 5
dat:
1. nhon - O - WIN: 7 7 7 6 6 7 8 7 5 7 6 4 4 7 3 7 4 8 4 6 6 6 5 5 5 10 2 8
2. nhon - O - WIN: 4 5 5 6 4 6 4 7 6 5 5 4 5 5 3 5 7 5 8 5 6 4 3 7 6 6 6 7 7 3 8 2 6 3 6 2 5 7 8 4 4 8 3 9 8 3 5 3 9 3 10 3 4 4 3 8 3 6 3 10 3 11 7 7 3 3 2 2 4 3 4 2 7 6 5 2 8 8 7 2
3. nhon - O - LOSE: 7 7 8 7 6 8 8 6 5 9 8 8 4 10 3 11 8 10 8 4 8 5 7 9 6 10 5 10 4 8 8 12 4 9 4 11 4 7 4 6 3 7 2 6 6 7 10 10 5 7
nhon:
1. dat - X - LOSE: 7 7 7 6 6 7 8 7 5 7 6 4 4 7 3 7 4 8 4 6 6 6 5 5 5 10 2 8
2. dat - X - LOSE: 4 5 5 6 4 6 4 7 6 5 5 4 5 5 3 5 7 5 8 5 6 4 3 7 6 6 6 7 7 3 8 2 6 3 6 2 5 7 8 4 4 8 3 9 8 3 5 3 9 3 10 3 4 4 3 8 3 6 3 10 3 11 7 7 3 3 2 2 4 3 4 2 7 6 5 2 8 8 7 2
3. dat - X - WIN: 7 7 8 7 6 8 8 6 5 9 8 8 4 10 3 11 8 10 8 4 8 5 7 9 6 10 5 10 4 8 8 12 4 9 4 11 4 7 4 6 3 7 2 6 6 7 10 10 5 7
abcxz:
1. hihi - X - WIN: 5 5 4 4 5 6 4 6 5 4 4 5 5 3 4 3 5 2
abccc:
1. hihi - X - WIN: 5 5 1 0 5 6 0 2 5 7 5 4 5 8 1 1 5 9
2. hihi - X - WIN: 5 5 0 0 5 6 0 1 5 7 0 2 5 8 0 3 5 9
